124.988
124.999
125
125.001
125.03
125.01
125.005
125
124.999
124.998
125.004
125.002
125
124.997
124.994
125.065
125.002
125.003
125.001
124.999
125.002
125.001
125.003
124.966
124.959
125.028
125
125.007
125.001
125.002
125.046
125
124.988
125.001
124.991
125.005
125.009
124.996
125.001
125
125.002
124.999
124.999
124.988
124.996
124.976
125
124.994
125.003
125.001
125.005
125
125.002
125
124.999
125.004
125.001
125.001
124.998
125.002
125.002
125.001
124.99
124.996
125
124.994
125.002
124.996
124.996
125.005
125.001
125.001
124.997
124.998
125
125.002
125.001
125.003
125.012
125
124.999
125.004
124.994
125.002
124.978
125.003
124.999
124.998
124.992
125.007
125
125.002
125.003
124.994
124.999
125.002
124.999
124.999
125.001
124.999
125.003
124.985
125.003
124.998
124.999
124.998
125.001
124.997
125.01
125
124.998
124.993
124.998
124.992
125.001
124.994
124.999
124.997
125.006
124.992
125.004
124.998
125
124.999
125.001
125.001
125.002
125.003
125.001
124.995
125.013
125.001
125
125.002
125.001
125.002
125.001
124.985
125.003
125.001
125.002
125.003
124.999
124.993
125.007
125.002
124.997
124.997
125.011
125.001
125.001
125.002
124.995
125.001
124.989
124.991
125.003
125.002
125.005
125
125.003
124.999
124.995
125.003
124.999
125
124.996
125.004
125
125.001
124.98
125
125.002
125
124.998
124.997
124.999
125.001
125.002
124.999
125.01
125.003
125.004
125
125
124.994
125.016
125
125
125.003
125
124.995
124.996
124.999
125.032
125.002
125.002
125.001
125.001
125
125
125
125
125
125
124.998
125.001
125.011
124.994
125
125.026
124.998
125
124.999
125.004
125.17
124.997
125.003
125.01
124.887
124.999
125.001
124.993
124.991
125.001
125.001
124.995
124.988
124.999
124.997
124.972
124.999
125.004
124.999
125.011
125
124.996
124.999
125.003
124.999
125.002
124.999
125.002
124.889
124.971
125.005
124.998
125
124.998
124.998
124.998
125
125.002
125.001
124.984
125.002
125.005
125
124.997
125.001
124.995
124.98
124.997
125.002
124.997
125
124.999
124.99
125
124.999
124.995
124.998
125.001
125.002
125.002
125
125.002
124.999
125.186
125.001
125
124.884
125.007
125.003
124.997
124.995
125.001
124.985
125.005
124.999
124.969
124.994
124.997
125.001
125.008
124.995
125.001
125
125
124.998
125.004
125.002
125.009
125.003
125.013
124.993
125.001
125
124.988
124.992
125
125.006
124.998
124.988
124.975
124.968
124.997
125.001
124.999
124.987
124.998
125.003
125.002
124.998
125.005
125.017
124.999
124.999
124.966
125.004
125
125.001
124.996
124.997
125.002
125.004
124.989
124.994
124.998
125.001
124.975
124.999
125.003
125.003
124.999
124.999
125.003
124.999
125
124.998
124.908
125.002
124.999
124.997
125.001
125.007
124.998
124.999
125.003
125.002
125.002
125.034
124.997
125.018
124.978
125.003
125
124.999
125.007
124.995
125.003
125
124.996
124.998
124.974
125.001
124.994
124.994
124.998
124.994
125.004
125.001
124.997
124.995
125.006
125.025
125.003
124.999
125.003
124.997
124.999
124.999
125.016
124.996
124.951
125.005
125.006
124.999
125.012
125
125.002
125.054
125.003
124.99
125.002
124.973
124.998
124.994
125.002
125.02
124.996
125.002
124.999
125.003
125
124.999
124.999
125.002
125
124.998
125.002
124.99
124.998
124.991
124.963
124.998
125
124.992
125
124.998
125.004
124.992
125.003
125.001
125
124.999
125
125.002
125.001
124.996
125.006
125.002
125.004
125
124.993
125
124.994
124.997
125.028
125.005
124.995
125.001
125.015
125.011
124.998
125
125.004
124.997
124.85
124.974
125
125
125.005
124.999
124.998
125
125
125.001
125.001
124.996
124.999
125.001
125.002
125.001
124.991
125.041
124.993
124.984
125
125.002
124.991
125.018
124.996
125.003
125.002
125.014
124.997
124.992
124.999
125.003
125.001
125.006
124.986
125.001
124.999
124.997
124.999
125.001
125.012
125.001
124.998
125.003
124.999
125.002
124.999
125.043
125.007
125.001
125.001
124.999
124.998
125
125.011
125.002
125.001
125
124.998
125.004
125
125.002
125
125.02
124.999
125.004
125
124.998
124.921
124.998
125.004
125.003
125
124.992
124.995
124.925
124.999
125.007
125
125.002
125.002
124.998
125.003
125
125.002
124.997
124.999
124.993
125
124.999
125.003
124.998
124.996
125.001
124.995
124.998
125.001
124.995
124.999
125
125
124.999
125.005
125.004
124.976
125
124.997
124.971
124.993
125.003
125.037
125.003
125.003
125.003
125.002
124.998
124.996
124.997
125.001
124.988
124.995
125.001
124.998
125.004
125.001
124.998
125.001
125.005
124.996
124.995
125
125.002
125.001
125
124.996
125.001
124.998
125
125.004
125.008
125.002
124.997
125.006
125.096
124.999
125.002
124.999
125.003
125.002
124.994
125
124.998
125
125.012
125.002
124.984
124.998
124.998
125
125.007
124.988
125
124.997
124.993
125
125
125.002
125.001
124.999
125.002
125.001
125.001
124.995
124.999
124.999
125.006
125
125.003
125.008
125
124.998
125.011
125
124.999
125.001
125
124.999
125.009
124.998
125.001
125.002
125.002
124.988
124.997
124.997
125.001
125.035
124.998
124.997
124.997
125.001
124.997
125.001
125
125.001
124.974
125.003
125.003
125.001
125.001
124.996
125.005
125.01
124.981
124.998
124.999
125
124.999
125.005
125
125
124.998
124.997
125
125.011
124.87
125
125.008
125.003
125
124.999
125.004
125.002
125.001
125.003
125.002
125.003
124.999
125.002
124.999
124.999
125.005
124.98
125.003
125.021
124.996
124.998
125.007
124.984
124.994
124.999
125.042
125.002
125.002
124.996
125.003
125
124.995
125.024
124.999
124.998
124.965
125.001
124.994
124.989
124.997
125.001
125.001
125.001
125.002
125.002
125.035
124.997
124.999
125
124.995
124.938
124.998
124.999
124.999
124.998
125.006
125
124.998
125
124.999
124.999
124.999
125.019
125
125.006
125.001
124.995
125.064
125.002
125.003
124.996
124.998
124.996
124.995
124.998
124.984
124.993
125
124.998
124.96
125.001
125.003
124.998
125
124.959
125
124.999
125.002
124.997
124.997
124.997
124.997
125.001
125.002
124.998
125
124.999
125.002
124.999
125
125.001
124.992
125.001
125.022
124.999
124.999
124.87
124.995
124.999
124.998
125.001
125.004
124.992
125
124.999
125.004
125.003
125.005
125
124.981
125
124.993
125.005
124.998
124.991
124.978
124.996
125.005
124.997
125
124.999
125
124.996
125
125.002
125.001
124.999
124.999
124.999
125
125
125.001
124.998
124.996
124.986
124.986
125.005
125.003
125.014
124.999
124.997
124.995
125.001
125.003
124.998
124.972
124.997
125.001
125
124.997
125.004
124.999
124.995
124.999
125.003
125.005
125.001
125.002
124.998
124.998
125.007
125.01
125.007
125.002
125
124.998
125.002
125
125.006
124.999
125.002
125.003
124.995
124.999
125.002
125
124.998
125.003
124.997
124.999
125.001
124.998
125.002
124.999
125
124.997
125
125.085
124.993
124.999
125.004
125
125.005
125.004
124.998
124.998
125.006
125.001
124.995
125.003
124.998
124.998
124.996
125
125.003
125.002
125.002
125.002
125.014
125.003
125.002
125.002
124.999
125.004
125
125
124.998
125.042
125
124.997
124.998
125.001
124.995
125.001
125.037
125.002
124.991
125.002
125
124.999
125
125.004
125
125.022
125
125
125.001
125.046
124.998
125.006
124.998
125.002
124.998
125.01
125
124.999
124.998
125.002
125
125.002
125
125.002
125.014
124.996
125.003
125.001
125.001
124.997
125.002
124.996
125
124.998
125
124.995
124.998
125.002
124.998
124.988
124.996
124.995
125.002
125.066
125.004
125.007
125
125.002
124.993
125.001
125
124.999
124.999
125
125.001
124.999
125.004
125.005
125.001
125.008
125.002
124.99
125.005
124.998
124.997
125.001
124.998
125.001
125.009
124.998
124.997
124.998
125
125.003
124.999
125.008
125.003
125
